12
0 0 0 1 0
0 2 0 3 1
1 0 1 1 6
1 2 1 3 7
13
2 0 2 1 12 
2 2 2 3 13
3 0 3 1 18
3 2 3 3 19
14
4 0 4 1 24
4 2 4 3 25
5 0 5 1 30
5 2 5 3 31
15
6 0 6 1 36
6 2 6 3 37
7 0 7 1 42
7 2 7 3 43
16
0 0 0 2 2
0 1 0 3 3
1 0 1 2 8
1 1 1 3 9
17
2 0 2 2 14
2 1 2 3 15
3 0 3 2 20
3 1 3 3 21
18
4 0 4 2 26
4 1 4 3 27
5 0 5 2 32
5 1 5 3 33
19
6 0 6 2 38
6 1 6 3 39 
7 0 7 2 44
7 1 7 3 45
20
0 0 0 3 4
0 1 0 2 5
1 0 1 3 10
1 1 1 2 11
21
2 0 2 3 16
2 1 2 2 17
3 0 3 3 22
3 1 3 2 23
22
4 0 4 3 28
4 1 4 2 29
5 0 5 3 34
5 1 5 2 35
23
6 0 6 3 40
6 1 6 2 41
7 0 7 3 46
7 1 7 2 47